agent UR ENE MaxMin Punish Nemesis
UR	50.305968584930426	52.11931361836175	50.352226943480545	44.61387609514054	38.03931436201041
EpsNE	52.018845722041824	82.39552526567628	51.42255462220147	46.160803652872616	4.798623326831724
MaxMin	55.60888128962747	57.08785607483067	55.95913325119459	50.893942171373446	9.390269922075495
Punish	51.15109248485114	55.11706182909033	51.49841152583741	44.91014502016056	5.142621017279482
Rob:0.0	60.96476396092166	59.53250004209707	61.17772479917702	54.69275122889617	8.323375145429832
Rob:0.1	59.78142013199289	59.873264083032254	57.06965859762315	66.77974782190425	7.921916415898558
Rob:0.2	57.283947457937494	55.57877419849603	56.93965087538547	72.6478910352716	6.611888530137745
Adv:0.1	59.13136248965568	61.71611373837403	65.41186621190249	54.75149638482926	7.2899848312761755
Adv:0.2	56.49112737187183	60.26841774713006	63.50270212077128	52.75042958902318	6.032045629557082
