agent UR ENE MaxMin Punish Nemesis
UR	51.28365216875902	51.78944184317751	51.131344013673484	41.371915959628396	36.68420583150959
EpsNE	59.13312587616102	65.98749195574655	62.853330141922285	47.163454811287	32.81309119514979
MaxMin	60.921655343726364	60.41285013586991	60.770720197908766	51.33773887025536	40.58659038878971
Punish	51.06501797525871	50.99491499368681	50.00919415024237	40.70826323362117	25.73226894323788
Rob:0.0	62.925016064883216	62.09253769226866	61.870990357481226	49.06207021493982	38.357675482654095
Rob:0.1	59.18244567108125	60.28871875833122	59.84152629107536	53.75968204408533	37.78282838364168
Rob:0.2	57.95337005826299	58.611584427819956	58.60781023053365	52.653719312060254	36.16020096424809
Adv:0.1	60.756053492358554	65.14556606450822	67.52000783766599	48.75218695013448	35.984996275447074
Adv:0.2	59.626407616260224	64.56548423445916	67.14468071967833	48.58959646303611	34.93913172154753
