agent UR ENE MaxMin Punish Nemesis
UR	50.305968584930426	50.55796879610768	50.42894257979966	44.56365528094609	38.03931436201041
EpsNE	52.61678221302301	81.283364694256	56.51290784960586	45.05060172686288	5.133138968640111
MaxMin	55.92732619102285	57.97847012632582	54.60599425610681	49.76692147581887	13.625745089987698
Punish	50.36948469004914	51.7239964678307	46.9064048179903	44.505214287536035	5.00403973355343
Rob:0.0	62.02403275865382	61.73516276150482	60.00962291760447	53.90412543297599	8.655106128541087
Rob:0.1	60.458377372935004	56.71220190677282	61.61452043594357	67.13774512750234	8.074585887263485
Rob:0.2	57.44741556331539	55.7331668213653	58.07528637400351	74.64939970826813	6.5439691735011385
Adv:0.1	59.81892273046873	60.91508564670738	65.18615364351315	53.23639629325894	7.756556992878356
Adv:0.2	57.66258612173711	60.082672393862104	67.59768305202373	51.390697685100704	6.660704306684615
