agent UR ENE MaxMin Punish Nemisis
UR	50.305968584930426	50.54797527576906	50.36526916990583	44.295292627310594	44.050840450364596
EpsNE	51.822609465180065	89.18568715661391	52.16966716129257	44.66312258591788	24.260512943702583
MaxMin	56.46392840711234	58.37459741691934	58.767866570166106	50.866073299953825	30.461661449487007
Punish	50.282795164566444	52.07916135763808	51.0307782768026	44.98583163377668	27.444933580030217
Rob:0.0	62.27351075261328	60.15117496194063	60.76662326801993	53.07518730624419	28.281591826056363
Rob:0.1	60.97644770609714	58.6643371333607	62.65576530395749	66.61324201256387	29.450756847283845
Rob:0.2	58.22518426783463	60.35961372880616	57.83457375695024	74.64290237984586	28.489732710195103
Adv:0.1	60.1801859105566	58.244598504148506	65.82314120901323	51.66762956063988	28.314293958733206
Adv:0.2	57.25196622471777	58.37968197643879	67.64278263411343	51.68272952524672	26.77763492034935
