agent UR ENE MaxMin Punish Nemesis
UR	50.305968584930426	50.56770008502051	50.55847099070223	44.328504573639385	38.03931436201041
EpsNE	52.323658383275045	85.32732506257567	51.97108749660901	46.97399509089554	4.952215070086198
MaxMin	56.35763170686354	57.56794856941137	58.01436172857236	48.69324856682995	15.565916196098643
Punish	50.13960602435197	52.76931704454328	47.004543921926626	44.15074133508611	5.255743705962868
Rob:0.0	62.22975350938743	62.961929717889625	59.84068458890754	53.00201860294295	8.604165717589405
Rob:0.1	60.892893519058156	58.54114851672703	64.25229755237945	65.3597573486671	8.705526665262818
Rob:0.2	57.95856788443337	56.264356984422605	60.00487650713203	72.85441185830183	6.959866457707919
Adv:0.1	59.99122247868325	58.73572068736607	64.51477625790287	53.36384955067619	7.696117142068491
Adv:0.2	57.36537055825524	58.905793198562236	67.07899608283279	51.984221133352	6.674139994685041
