agent UR ENE MaxMin Punish Nemesis
UR	52.95416479088224	53.25696109054982	52.44673083851936	43.747903344213704	0.0
EpsNE	59.14020176586657	62.26641576751921	61.30071570047068	46.836312191042836	0.0
MaxMin	61.65294123836504	60.11470542746844	60.517338935134724	52.34739234097183	0.0
Punish	52.99529901479464	51.14129830171303	50.98461920662307	42.45879172459736	0.0
Rob:0.0	62.48929520980369	60.653423793335584	62.26083198138363	50.82997580652489	0.0
Rob:0.1	60.52426011062902	62.341119085581056	59.03164254584372	52.95455977008978	0.0
Rob:0.2	59.15904149683323	61.03506405540617	58.46313511404759	51.51610834259427	0.0
Adv:0.1	61.581445870586315	65.3671791848891	66.8821076554581	48.2295853311279	0.0
Adv:0.2	60.6156676336151	65.14455378732181	65.22725033594759	47.505662916706896	0.0
