agent UR ENE MaxMin Punish Nemesis
UR	52.95416479088224	52.48008714194166	52.87978512982802	41.661885828775596	38.4450327538397
EpsNE	60.98612890314675	69.32431943042286	66.46419258154242	46.158501105494636	34.1194731234043
MaxMin	64.33117016764679	63.98501826345383	64.50260059539364	52.26230435809553	45.68315548408117
Punish	53.69209837790628	50.12764228308226	54.35674554669095	43.36259458149201	28.934483310937352
Rob:0.0	66.50785494713448	66.337631940725	64.94626165217704	48.78602026663937	42.16187774398306
Rob:0.1	61.123480082115705	63.08117341936081	61.54116124710841	60.27170229764627	39.86840548552667
Rob:0.2	60.45820503272625	63.04246066797575	61.02774695239645	60.82539568108295	38.61089532280909
Adv:0.1	63.418076759508594	68.43427657674148	71.03795275394913	49.599499844208246	39.33313187648439
Adv:0.2	62.369941261488556	68.63949344749629	71.05389133055995	49.16730006054023	38.138901600760725
